120
190
313
462
767
1067
1279
1316
1375
1510
1910
1952
2116
2269
2299
2528
2677
2774
2809
2971
2978
3412
3438
3809
4085
4135
4238
4507
4564
4968
5480
5735
5750
6342
6380
6458
6677
6897
6953
7186
7277
7419
7620
7791
7956
7984
8009
8087
8150
8217
8299
8593
8791
8837
9597
9629
9785
9796
9913
9969
10177
10318
10483
11040
11183
11283
11300
11573
11760
11774
11779
11784
12208
12297
12323
12811
12942
13035
13139
13162
13307
13573
13711
13802
13958
14032
14097
14141
14186
14555
14575
14645
14668
14763
14821
15010
15033
15066
15600
15688
15716
15840
15946
16326
16468
17211
17249
17412
17477
17492
17559
18053
18276
18865
18980
19071
19140
19422
19425
19612
19677
19844
19859
20388
20737
20951
21133
21188
21225
21255
21305
21415
21446
21674
21704
22361
22371
22601
22990
23290
23355
23517
23874
24257
24266
24316
24482
24512
24527
24856
25042
25094
25183
25465
25679
26036
26069
26158
26404
26587
26589
26727
26902
27079
27113
27169
27219
27416
27459
27462
27677
28017
28187
28229
28291
28347
28523
28634
28650
29162
29221
29360
29802
30323
30452
30467
30570
30960
31050
31470
31532
31546
31783
31983
32180
32185
32278
32441
32518
32590
32651
